number,pin,puk,arrived_at
972006147,1034,15545818,2024-12-13
972006178,3853,15622706,2024-12-13
972006153,5998,6222192,2024-12-13
972006148,8298,57259053,2024-12-13
972006162,4097,88020546,2024-12-13
972006151,3667,49816879,2024-12-13
972006150,4381,76714665,2024-12-13
972006146,2499,23519521,2024-12-13
972006161,1344,40586898,2024-12-13
972006160,8753,4298752,2024-12-13
972006164,2745,16062344,2024-12-13
949936370,1006,7903317,2024-12-13
972006165,1557,74576246,2024-12-13
972006154,3221,66850997,2024-12-13
972006163,1799,24229920,2024-12-13
972006149,4074,22711425,2024-12-13
972006166,6694,39801927,2024-12-13
972006152,2256,18566388,2024-12-13
972006145,8688,17125012,2024-12-13
972006167,4865,29966223,2024-12-13
972006242,2057,82364666,2024-12-13
972006247,9520,76498313,2024-12-13
972006226,9664,50233214,2024-12-13
972006246,9731,57666870,2024-12-13
972006249,6655,48140875,2024-12-13
972006187,5985,57163364,2024-12-13
972006245,1591,57033614,2024-12-13
972006220,4430,19347720,2024-12-13
972006188,2017,71026832,2024-12-13
972006228,6423,8846774,2024-12-13
972006236,7090,26989366,2024-12-13
972006186,2322,7978097,2024-12-13
972006229,7253,26191606,2024-12-13
972006235,6645,54816874,2024-12-13
972006215,6630,17131381,2024-12-13
972006250,7475,49052514,2024-12-13
972006232,1247,82881253,2024-12-13
972006222,3227,43358693,2024-12-13
972006185,3534,57938284,2024-12-13
972006225,8657,72854599,2024-12-13
972006234,7958,96243620,2024-12-13
972006248,8240,10291649,2024-12-13
972006244,5726,34102747,2024-12-13
972006243,1427,76152016,2024-12-13
972006216,3625,1653622,2024-12-13
972006241,6233,80910891,2024-12-13
972006233,9791,91494226,2024-12-13
972006227,1192,87453839,2024-12-13
972006142,8018,54083314,2024-12-13
972006143,4018,13771907,2024-12-13
972006137,9833,25492857,2024-12-13
972006320,3498,89045057,2024-12-13
972006275,2010,61896379,2024-12-13
949855252,1562,93692372,2024-12-13
949854842,1577,49946760,2024-12-13
972006277,6739,73207215,2024-12-13
949855685,6649,14519042,2024-12-13
972006318,4718,97265987,2024-12-13
972006289,2989,80869231,2024-12-13
972006207,2934,68777620,2024-12-13
972006206,8900,8448402,2024-12-13
972006208,1263,71146884,2024-12-13
972006327,3261,72021748,2024-12-13
972006194,4246,8956677,2024-12-13
972006218,3329,31756230,2024-12-13
972006282,9633,62522103,2024-12-13
972006305,7352,51320709,2024-12-13
949854856,8850,21949445,2024-12-13
949855032,6598,29894969,2024-12-13
972006299,6356,29425944,2024-12-13
972006288,4042,65277720,2024-12-13
949855720,1127,80960592,2024-12-13
949854947,8156,18366538,2024-12-13
972006301,8013,8539665,2024-12-13
972006294,5633,92319412,2024-12-13
972006322,8358,79066391,2024-12-13
949856756,6571,27060673,2024-12-13
972006298,6457,94979764,2024-12-13
949855812,6030,23804588,2024-12-13
949855806,8080,94290397,2024-12-13
949855879,6816,96890044,2024-12-13
949855863,5281,27946903,2024-12-13
972006287,6414,7598952,2024-12-13
949854965,1895,44897314,2024-12-13
949855869,7164,12243718,2024-12-13
972006317,8495,71535980,2024-12-13
972006311,8584,37567381,2024-12-13
972006315,8267,5668630,2024-12-13
949855134,9738,78628137,2024-12-13
949856486,7986,3763261,2024-12-13
949857340,6034,55882682,2024-12-13
949856761,4517,48189213,2024-12-13
949857141,0800,90048499,2024-12-13
949855978,2786,5190126,2024-12-13
949856473,4674,9262666,2024-12-13
972006251,5556,70351381,2024-12-13
972006230,3927,78092290,2024-12-13
949857253,8157,12769318,2024-12-13
949857119,5515,94053915,2024-12-13
949857137,2581,55611407,2024-12-13
949857272,9723,14204633,2024-12-13
949857153,8234,39531473,2024-12-13
949857250,4808,93003627,2024-12-13
949857078,2673,20710129,2024-12-13
949857115,8061,6914790,2024-12-13
949857158,8345,65298433,2024-12-13
949857506,4567,22377461,2024-12-13
949857183,6982,68281396,2024-12-13
949857195,3046,99583557,2024-12-13
949857549,4739,86114293,2024-12-13
949856513,1935,86853005,2024-12-13
949856982,8826,21324291,2024-12-13
949856659,8147,72965944,2024-12-13
949855191,4346,30497201,2024-12-13
949856610,5103,8712677,2024-12-13
949856567,1241,74493342,2024-12-13
949856599,0064,20042914,2024-12-13
949856640,1497,30962438,2024-12-13
949857246,6526,39811828,2024-12-13
949857227,4101,83691624,2024-12-13
949857556,1064,71993825,2024-12-13
949857091,6773,59021585,2024-12-13